0.000000	0.000000
0.003142	0.000010
0.006283	0.000039
0.009425	0.000089
0.012566	0.000158
0.015708	0.000247
0.018850	0.000355
0.021991	0.000484
0.025133	0.000632
0.028274	0.000799
0.031416	0.000987
0.034558	0.001194
0.037699	0.001421
0.040841	0.001667
0.043982	0.001933
0.047124	0.002219
0.050265	0.002524
0.053407	0.002850
0.056549	0.003194
0.059690	0.003559
0.062832	0.003943
0.065973	0.004346
0.069115	0.004769
0.072257	0.005212
0.075398	0.005674
0.078540	0.006156
0.081681	0.006657
0.084823	0.007178
0.087965	0.007718
0.091106	0.008277
0.094248	0.008856
0.097389	0.009455
0.100531	0.010072
0.103673	0.010710
0.106814	0.011366
0.109956	0.012042
0.113097	0.012737
0.116239	0.013451
0.119381	0.014184
0.122522	0.014937
0.125664	0.015708
0.128805	0.016499
0.131947	0.017309
0.135088	0.018138
0.138230	0.018986
0.141372	0.019853
0.144513	0.020739
0.147655	0.021644
0.150796	0.022568
0.153938	0.023510
0.157080	0.024472
0.160221	0.025452
0.163363	0.026451
0.166504	0.027468
0.169646	0.028505
0.172788	0.029560
0.175929	0.030633
0.179071	0.031725
0.182212	0.032836
0.185354	0.033964
0.188496	0.035112
0.191637	0.036277
0.194779	0.037461
0.197920	0.038664
0.201062	0.039884
0.204204	0.041123
0.207345	0.042379
0.210487	0.043654
0.213628	0.044947
0.216770	0.046258
0.219911	0.047586
0.223053	0.048933
0.226195	0.050297
0.229336	0.051679
0.232478	0.053079
0.235619	0.054497
0.238761	0.055932
0.241903	0.057384
0.245044	0.058854
0.248186	0.060342
0.251327	0.061847
0.254469	0.063369
0.257611	0.064908
0.260752	0.066465
0.263894	0.068038
0.267035	0.069629
0.270177	0.071237
0.273319	0.072861
0.276460	0.074503
0.279602	0.076161
0.282743	0.077836
0.285885	0.079528
0.289027	0.081236
0.292168	0.082961
0.295310	0.084702
0.298451	0.086460
0.301593	0.088234
0.304734	0.090024
0.307876	0.091830
0.311018	0.093653
0.314159	0.095492
0.317301	0.097346
0.320442	0.099217
0.323584	0.101103
0.326726	0.103005
0.329867	0.104922
0.333009	0.106856
0.336150	0.108805
0.339292	0.110769
0.342434	0.112748
0.345575	0.114743
0.348717	0.116753
0.351858	0.118779
0.355000	0.120819
0.358142	0.122874
0.361283	0.124944
0.364425	0.127029
0.367566	0.129129
0.370708	0.131243
0.373850	0.133372
0.376991	0.135516
0.380133	0.137673
0.383274	0.139845
0.386416	0.142032
0.389557	0.144232
0.392699	0.146447
0.395841	0.148675
0.398982	0.150917
0.402124	0.153173
0.405265	0.155443
0.408407	0.157726
0.411549	0.160023
0.414690	0.162334
0.417832	0.164657
0.420973	0.166994
0.424115	0.169344
0.427257	0.171707
0.430398	0.174083
0.433540	0.176472
0.436681	0.178874
0.439823	0.181288
0.442965	0.183715
0.446106	0.186154
0.449248	0.188606
0.452389	0.191070
0.455531	0.193546
0.458673	0.196035
0.461814	0.198535
0.464956	0.201048
0.468097	0.203572
0.471239	0.206107
0.474380	0.208655
0.477522	0.211214
0.480664	0.213784
0.483805	0.216366
0.486947	0.218958
0.490088	0.221562
0.493230	0.224177
0.496372	0.226803
0.499513	0.229439
0.502655	0.232087
0.505796	0.234744
0.508938	0.237413
0.512080	0.240091
0.515221	0.242780
0.518363	0.245479
0.521504	0.248188
0.524646	0.250907
0.527788	0.253636
0.530929	0.256375
0.534071	0.259123
0.537212	0.261881
0.540354	0.264648
0.543496	0.267424
0.546637	0.270210
0.549779	0.273005
0.552920	0.275808
0.556062	0.278621
0.559203	0.281442
0.562345	0.284272
0.565487	0.287110
0.568628	0.289957
0.571770	0.292812
0.574911	0.295675
0.578053	0.298547
0.581195	0.301426
0.584336	0.304313
0.587478	0.307208
0.590619	0.310110
0.593761	0.313020
0.596903	0.315938
0.600044	0.318862
0.603186	0.321794
0.606327	0.324733
0.609469	0.327679
0.612611	0.330631
0.615752	0.333590
0.618894	0.336556
0.622035	0.339528
0.625177	0.342507
0.628319	0.345492
0.631460	0.348482
0.634602	0.351479
0.637743	0.354482
0.640885	0.357490
0.644026	0.360504
0.647168	0.363524
0.650310	0.366549
0.653451	0.369579
0.656593	0.372615
0.659734	0.375655
0.662876	0.378700
0.666018	0.381751
0.669159	0.384805
0.672301	0.387865
0.675442	0.390928
0.678584	0.393996
0.681726	0.397069
0.684867	0.400145
0.688009	0.403225
0.691150	0.406309
0.694292	0.409397
0.697434	0.412488
0.700575	0.415583
0.703717	0.418681
0.706858	0.421783
0.710000	0.424887
0.713142	0.427995
0.716283	0.431105
0.719425	0.434218
0.722566	0.437333
0.725708	0.440451
0.728849	0.443572
0.731991	0.446694
0.735133	0.449819
0.738274	0.452946
0.741416	0.456074
0.744557	0.459205
0.747699	0.462337
0.750841	0.465470
0.753982	0.468605
0.757124	0.471741
0.760265	0.474878
0.763407	0.478016
0.766549	0.481155
0.769690	0.484295
0.772832	0.487435
0.775973	0.490576
0.779115	0.493717
0.782257	0.496858
0.785398	0.500000
0.788540	0.503142
0.791681	0.506283
0.794823	0.509424
0.797965	0.512565
0.801106	0.515705
0.804248	0.518845
0.807389	0.521984
0.810531	0.525122
0.813672	0.528259
0.816814	0.531395
0.819956	0.534530
0.823097	0.537663
0.826239	0.540795
0.829380	0.543926
0.832522	0.547054
0.835664	0.550181
0.838805	0.553306
0.841947	0.556428
0.845088	0.559549
0.848230	0.562667
0.851372	0.565782
0.854513	0.568895
0.857655	0.572005
0.860796	0.575113
0.863938	0.578217
0.867080	0.581319
0.870221	0.584417
0.873363	0.587512
0.876504	0.590603
0.879646	0.593691
0.882788	0.596775
0.885929	0.599855
0.889071	0.602931
0.892212	0.606004
0.895354	0.609072
0.898495	0.612135
0.901637	0.615195
0.904779	0.618249
0.907920	0.621300
0.911062	0.624345
0.914203	0.627385
0.917345	0.630421
0.920487	0.633451
0.923628	0.636476
0.926770	0.639496
0.929911	0.642510
0.933053	0.645518
0.936195	0.648521
0.939336	0.651518
0.942478	0.654508
0.945619	0.657493
0.948761	0.660472
0.951903	0.663444
0.955044	0.666410
0.958186	0.669369
0.961327	0.672321
0.964469	0.675267
0.967611	0.678206
0.970752	0.681138
0.973894	0.684062
0.977035	0.686980
0.980177	0.689890
0.983319	0.692792
0.986460	0.695687
0.989602	0.698574
0.992743	0.701453
0.995885	0.704325
0.999026	0.707188
1.002168	0.710043
1.005310	0.712890
1.008451	0.715728
1.011593	0.718558
1.014734	0.721379
1.017876	0.724192
1.021018	0.726995
1.024159	0.729790
1.027301	0.732576
1.030442	0.735352
1.033584	0.738119
1.036726	0.740877
1.039867	0.743625
1.043009	0.746364
1.046150	0.749093
1.049292	0.751812
1.052434	0.754521
1.055575	0.757220
1.058717	0.759909
1.061858	0.762587
1.065000	0.765256
1.068142	0.767913
1.071283	0.770561
1.074425	0.773197
1.077566	0.775823
1.080708	0.778438
1.083849	0.781042
1.086991	0.783634
1.090133	0.786216
1.093274	0.788786
1.096416	0.791345
1.099557	0.793893
1.102699	0.796428
1.105841	0.798952
1.108982	0.801465
1.112124	0.803965
1.115265	0.806454
1.118407	0.808930
1.121549	0.811394
1.124690	0.813846
1.127832	0.816285
1.130973	0.818712
1.134115	0.821126
1.137257	0.823528
1.140398	0.825917
1.143540	0.828293
1.146681	0.830656
1.149823	0.833006
1.152965	0.835343
1.156106	0.837666
1.159248	0.839977
1.162389	0.842274
1.165531	0.844557
1.168672	0.846827
1.171814	0.849083
1.174956	0.851325
1.178097	0.853553
1.181239	0.855768
1.184380	0.857968
1.187522	0.860155
1.190664	0.862327
1.193805	0.864484
1.196947	0.866628
1.200088	0.868757
1.203230	0.870871
1.206372	0.872971
1.209513	0.875056
1.212655	0.877126
1.215796	0.879181
1.218938	0.881221
1.222080	0.883247
1.225221	0.885257
1.228363	0.887252
1.231504	0.889231
1.234646	0.891195
1.237788	0.893144
1.240929	0.895078
1.244071	0.896995
1.247212	0.898897
1.250354	0.900783
1.253495	0.902654
1.256637	0.904508
1.259779	0.906347
1.262920	0.908170
1.266062	0.909976
1.269203	0.911766
1.272345	0.913540
1.275487	0.915298
1.278628	0.917039
1.281770	0.918764
1.284911	0.920472
1.288053	0.922164
1.291195	0.923839
1.294336	0.925497
1.297478	0.927139
1.300619	0.928763
1.303761	0.930371
1.306903	0.931962
1.310044	0.933535
1.313186	0.935092
1.316327	0.936631
1.319469	0.938153
1.322611	0.939658
1.325752	0.941146
1.328894	0.942616
1.332035	0.944068
1.335177	0.945503
1.338318	0.946921
1.341460	0.948321
1.344602	0.949703
1.347743	0.951067
1.350885	0.952414
1.354026	0.953742
1.357168	0.955053
1.360310	0.956346
1.363451	0.957621
1.366593	0.958877
1.369734	0.960116
1.372876	0.961336
1.376018	0.962539
1.379159	0.963723
1.382301	0.964888
1.385442	0.966036
1.388584	0.967164
1.391726	0.968275
1.394867	0.969367
1.398009	0.970440
1.401150	0.971495
1.404292	0.972532
1.407434	0.973549
1.410575	0.974548
1.413717	0.975528
1.416858	0.976490
1.420000	0.977432
1.423141	0.978356
1.426283	0.979261
1.429425	0.980147
1.432566	0.981014
1.435708	0.981862
1.438849	0.982691
1.441991	0.983501
1.445133	0.984292
1.448274	0.985063
1.451416	0.985816
1.454557	0.986549
1.457699	0.987263
1.460841	0.987958
1.463982	0.988634
1.467124	0.989290
1.470265	0.989928
1.473407	0.990545
1.476549	0.991144
1.479690	0.991723
1.482832	0.992282
1.485973	0.992822
1.489115	0.993343
1.492257	0.993844
1.495398	0.994326
1.498540	0.994788
1.501681	0.995231
1.504823	0.995654
1.507964	0.996057
1.511106	0.996441
1.514248	0.996806
1.517389	0.997150
1.520531	0.997476
1.523672	0.997781
1.526814	0.998067
1.529956	0.998333
1.533097	0.998579
1.536239	0.998806
1.539380	0.999013
1.542522	0.999201
1.545664	0.999368
1.548805	0.999516
1.551947	0.999645
1.555088	0.999753
1.558230	0.999842
1.561372	0.999911
1.564513	0.999961
1.567655	0.999990
1.570796	1.000000
1.573938	0.999990
1.577080	0.999961
1.580221	0.999911
1.583363	0.999842
1.586504	0.999753
1.589646	0.999645
1.592787	0.999516
1.595929	0.999368
1.599071	0.999201
1.602212	0.999013
1.605354	0.998806
1.608495	0.998579
1.611637	0.998333
1.614779	0.998067
1.617920	0.997781
1.621062	0.997476
1.624203	0.997150
1.627345	0.996806
1.630487	0.996441
1.633628	0.996057
1.636770	0.995654
1.639911	0.995231
1.643053	0.994788
1.646195	0.994326
1.649336	0.993844
1.652478	0.993343
1.655619	0.992822
1.658761	0.992282
1.661903	0.991723
1.665044	0.991144
1.668186	0.990545
1.671327	0.989928
1.674469	0.989290
1.677610	0.988634
1.680752	0.987958
1.683894	0.987263
1.687035	0.986549
1.690177	0.985816
1.693318	0.985063
1.696460	0.984292
1.699602	0.983501
1.702743	0.982691
1.705885	0.981862
1.709026	0.981014
1.712168	0.980147
1.715310	0.979261
1.718451	0.978356
1.721593	0.977432
1.724734	0.976490
1.727876	0.975528
1.731018	0.974548
1.734159	0.973549
1.737301	0.972532
1.740442	0.971495
1.743584	0.970440
1.746726	0.969367
1.749867	0.968275
1.753009	0.967164
1.756150	0.966036
1.759292	0.964888
1.762433	0.963723
1.765575	0.962539
1.768717	0.961336
1.771858	0.960116
1.775000	0.958877
1.778141	0.957621
1.781283	0.956346
1.784425	0.955053
1.787566	0.953742
1.790708	0.952414
1.793849	0.951067
1.796991	0.949703
1.800133	0.948321
1.803274	0.946921
1.806416	0.945503
1.809557	0.944068
1.812699	0.942616
1.815841	0.941146
1.818982	0.939658
1.822124	0.938153
1.825265	0.936631
1.828407	0.935092
1.831549	0.933535
1.834690	0.931962
1.837832	0.930371
1.840973	0.928763
1.844115	0.927139
1.847256	0.925497
1.850398	0.923839
1.853540	0.922164
1.856681	0.920472
1.859823	0.918764
1.862964	0.917039
1.866106	0.915298
1.869248	0.913540
1.872389	0.911766
1.875531	0.909976
1.878672	0.908170
1.881814	0.906347
1.884956	0.904508
1.888097	0.902654
1.891239	0.900783
1.894380	0.898897
1.897522	0.896995
1.900664	0.895078
1.903805	0.893144
1.906947	0.891195
1.910088	0.889231
1.913230	0.887252
1.916372	0.885257
1.919513	0.883247
1.922655	0.881221
1.925796	0.879181
1.928938	0.877126
1.932079	0.875056
1.935221	0.872971
1.938363	0.870871
1.941504	0.868757
1.944646	0.866628
1.947787	0.864484
1.950929	0.862327
1.954071	0.860155
1.957212	0.857968
1.960354	0.855768
1.963495	0.853553
1.966637	0.851325
1.969779	0.849083
1.972920	0.846827
1.976062	0.844557
1.979203	0.842274
1.982345	0.839977
1.985487	0.837666
1.988628	0.835343
1.991770	0.833006
1.994911	0.830656
1.998053	0.828293
2.001195	0.825917
2.004336	0.823528
2.007478	0.821126
2.010619	0.818712
2.013761	0.816285
2.016902	0.813846
2.020044	0.811394
2.023186	0.808930
2.026327	0.806454
2.029469	0.803965
2.032610	0.801465
2.035752	0.798952
2.038894	0.796428
2.042035	0.793893
2.045177	0.791345
2.048318	0.788786
2.051460	0.786216
2.054602	0.783634
2.057743	0.781042
2.060885	0.778438
2.064026	0.775823
2.067168	0.773197
2.070310	0.770561
2.073451	0.767913
2.076593	0.765256
2.079734	0.762587
2.082876	0.759909
2.086018	0.757220
2.089159	0.754521
2.092301	0.751812
2.095442	0.749093
2.098584	0.746364
2.101725	0.743625
2.104867	0.740877
2.108009	0.738119
2.111150	0.735352
2.114292	0.732576
2.117433	0.729790
2.120575	0.726995
2.123717	0.724192
2.126858	0.721379
2.130000	0.718558
2.133141	0.715728
2.136283	0.712890
2.139425	0.710043
2.142566	0.707188
2.145708	0.704325
2.148849	0.701453
2.151991	0.698574
2.155133	0.695687
2.158274	0.692792
2.161416	0.689890
2.164557	0.686980
2.167699	0.684062
2.170841	0.681138
2.173982	0.678206
2.177124	0.675267
2.180265	0.672321
2.183407	0.669369
2.186548	0.666410
2.189690	0.663444
2.192832	0.660472
2.195973	0.657493
2.199115	0.654508
2.202256	0.651518
2.205398	0.648521
2.208540	0.645518
2.211681	0.642510
2.214823	0.639496
2.217964	0.636476
2.221106	0.633451
2.224248	0.630421
2.227389	0.627385
2.230531	0.624345
2.233672	0.621300
2.236814	0.618249
2.239956	0.615195
2.243097	0.612135
2.246239	0.609072
2.249380	0.606004
2.252522	0.602931
2.255664	0.599855
2.258805	0.596775
2.261947	0.593691
2.265088	0.590603
2.268230	0.587512
2.271371	0.584417
2.274513	0.581319
2.277655	0.578217
2.280796	0.575113
2.283938	0.572005
2.287079	0.568895
2.290221	0.565782
2.293363	0.562667
2.296504	0.559549
2.299646	0.556428
2.302787	0.553306
2.305929	0.550181
2.309071	0.547054
2.312212	0.543926
2.315354	0.540795
2.318495	0.537663
2.321637	0.534530
2.324779	0.531395
2.327920	0.528259
2.331062	0.525122
2.334203	0.521984
2.337345	0.518845
2.340487	0.515705
2.343628	0.512565
2.346770	0.509424
2.349911	0.506283
2.353053	0.503142
2.356194	0.500000
2.359336	0.496858
2.362478	0.493717
2.365619	0.490576
2.368761	0.487435
2.371902	0.484295
2.375044	0.481155
2.378186	0.478016
2.381327	0.474878
2.384469	0.471741
2.387610	0.468605
2.390752	0.465470
2.393894	0.462337
2.397035	0.459205
2.400177	0.456074
2.403318	0.452946
2.406460	0.449819
2.409602	0.446694
2.412743	0.443572
2.415885	0.440451
2.419026	0.437333
2.422168	0.434218
2.425310	0.431105
2.428451	0.427995
2.431593	0.424887
2.434734	0.421783
2.437876	0.418681
2.441017	0.415583
2.444159	0.412488
2.447301	0.409397
2.450442	0.406309
2.453584	0.403225
2.456725	0.400145
2.459867	0.397069
2.463009	0.393996
2.466150	0.390928
2.469292	0.387865
2.472433	0.384805
2.475575	0.381751
2.478717	0.378700
2.481858	0.375655
2.485000	0.372615
2.488141	0.369579
2.491283	0.366549
2.494425	0.363524
2.497566	0.360504
2.500708	0.357490
2.503849	0.354482
2.506991	0.351479
2.510133	0.348482
2.513274	0.345492
2.516416	0.342507
2.519557	0.339528
2.522699	0.336556
2.525840	0.333590
2.528982	0.330631
2.532124	0.327679
2.535265	0.324733
2.538407	0.321794
2.541548	0.318862
2.544690	0.315938
2.547832	0.313020
2.550973	0.310110
2.554115	0.307208
2.557256	0.304313
2.560398	0.301426
2.563540	0.298547
2.566681	0.295675
2.569823	0.292812
2.572964	0.289957
2.576106	0.287110
2.579248	0.284272
2.582389	0.281442
2.585531	0.278621
2.588672	0.275808
2.591814	0.273005
2.594956	0.270210
2.598097	0.267424
2.601239	0.264648
2.604380	0.261881
2.607522	0.259123
2.610663	0.256375
2.613805	0.253636
2.616947	0.250907
2.620088	0.248188
2.623230	0.245479
2.626371	0.242780
2.629513	0.240091
2.632655	0.237413
2.635796	0.234744
2.638938	0.232087
2.642079	0.229439
2.645221	0.226803
2.648363	0.224177
2.651504	0.221562
2.654646	0.218958
2.657787	0.216366
2.660929	0.213784
2.664071	0.211214
2.667212	0.208655
2.670354	0.206107
2.673495	0.203572
2.676637	0.201048
2.679779	0.198535
2.682920	0.196035
2.686062	0.193546
2.689203	0.191070
2.692345	0.188606
2.695486	0.186154
2.698628	0.183715
2.701770	0.181288
2.704911	0.178874
2.708053	0.176472
2.711194	0.174083
2.714336	0.171707
2.717478	0.169344
2.720619	0.166994
2.723761	0.164657
2.726902	0.162334
2.730044	0.160023
2.733186	0.157726
2.736327	0.155443
2.739469	0.153173
2.742610	0.150917
2.745752	0.148675
2.748894	0.146447
2.752035	0.144232
2.755177	0.142032
2.758318	0.139845
2.761460	0.137673
2.764602	0.135516
2.767743	0.133372
2.770885	0.131243
2.774026	0.129129
2.777168	0.127029
2.780309	0.124944
2.783451	0.122874
2.786593	0.120819
2.789734	0.118779
2.792876	0.116753
2.796017	0.114743
2.799159	0.112748
2.802301	0.110769
2.805442	0.108805
2.808584	0.106856
2.811725	0.104922
2.814867	0.103005
2.818009	0.101103
2.821150	0.099217
2.824292	0.097346
2.827433	0.095492
2.830575	0.093653
2.833717	0.091830
2.836858	0.090024
2.840000	0.088234
2.843141	0.086460
2.846283	0.084702
2.849425	0.082961
2.852566	0.081236
2.855708	0.079528
2.858849	0.077836
2.861991	0.076161
2.865133	0.074503
2.868274	0.072861
2.871416	0.071237
2.874557	0.069629
2.877699	0.068038
2.880840	0.066465
2.883982	0.064908
2.887124	0.063369
2.890265	0.061847
2.893407	0.060342
2.896548	0.058854
2.899690	0.057384
2.902832	0.055932
2.905973	0.054497
2.909115	0.053079
2.912256	0.051679
2.915398	0.050297
2.918540	0.048933
2.921681	0.047586
2.924823	0.046258
2.927964	0.044947
2.931106	0.043654
2.934248	0.042379
2.937389	0.041123
2.940531	0.039884
2.943672	0.038664
2.946814	0.037461
2.949956	0.036277
2.953097	0.035112
2.956239	0.033964
2.959380	0.032836
2.962522	0.031725
2.965663	0.030633
2.968805	0.029560
2.971947	0.028505
2.975088	0.027468
2.978230	0.026451
2.981371	0.025452
2.984513	0.024472
2.987655	0.023510
2.990796	0.022568
2.993938	0.021644
2.997079	0.020739
3.000221	0.019853
3.003363	0.018986
3.006504	0.018138
3.009646	0.017309
3.012787	0.016499
3.015929	0.015708
3.019071	0.014937
3.022212	0.014184
3.025354	0.013451
3.028495	0.012737
3.031637	0.012042
3.034779	0.011366
3.037920	0.010710
3.041062	0.010072
3.044203	0.009455
3.047345	0.008856
3.050486	0.008277
3.053628	0.007718
3.056770	0.007178
3.059911	0.006657
3.063053	0.006156
3.066194	0.005674
3.069336	0.005212
3.072478	0.004769
3.075619	0.004346
3.078761	0.003943
3.081902	0.003559
3.085044	0.003194
3.088186	0.002850
3.091327	0.002524
3.094469	0.002219
3.097610	0.001933
3.100752	0.001667
3.103894	0.001421
3.107035	0.001194
3.110177	0.000987
3.113318	0.000799
3.116460	0.000632
3.119602	0.000484
3.122743	0.000355
3.125885	0.000247
3.129026	0.000158
3.132168	0.000089
3.135309	0.000039
3.138451	0.000010
3.141593	0.000000
3.144734	0.000010
3.147876	0.000039
3.151017	0.000089
3.154159	0.000158
3.157301	0.000247
3.160442	0.000355
3.163584	0.000484
3.166725	0.000632
3.169867	0.000799
3.173009	0.000987
3.176150	0.001194
3.179292	0.001421
3.182433	0.001667
3.185575	0.001933
3.188717	0.002219
3.191858	0.002524
3.195000	0.002850
3.198141	0.003194
3.201283	0.003559
3.204425	0.003943
3.207566	0.004346
3.210708	0.004769
3.213849	0.005212
3.216991	0.005674
3.220132	0.006156
3.223274	0.006657
3.226416	0.007178
3.229557	0.007718
3.232699	0.008277
3.235840	0.008856
3.238982	0.009455
3.242124	0.010072
3.245265	0.010710
3.248407	0.011366
3.251548	0.012042
3.254690	0.012737
3.257832	0.013451
3.260973	0.014184
3.264115	0.014937
3.267256	0.015708
3.270398	0.016499
3.273540	0.017309
3.276681	0.018138
3.279823	0.018986
3.282964	0.019853
3.286106	0.020739
3.289248	0.021644
3.292389	0.022568
3.295531	0.023510
3.298672	0.024472
3.301814	0.025452
3.304955	0.026451
3.308097	0.027468
3.311239	0.028505
3.314380	0.029560
3.317522	0.030633
3.320663	0.031725
3.323805	0.032836
3.326947	0.033964
3.330088	0.035112
3.333230	0.036277
3.336371	0.037461
3.339513	0.038664
3.342655	0.039884
3.345796	0.041123
3.348938	0.042379
3.352079	0.043654
3.355221	0.044947
3.358363	0.046258
3.361504	0.047586
3.364646	0.048933
3.367787	0.050297
3.370929	0.051679
3.374071	0.053079
3.377212	0.054497
3.380354	0.055932
3.383495	0.057384
3.386637	0.058854
3.389778	0.060342
3.392920	0.061847
3.396062	0.063369
3.399203	0.064908
3.402345	0.066465
3.405486	0.068038
3.408628	0.069629
3.411770	0.071237
3.414911	0.072861
3.418053	0.074503
3.421194	0.076161
3.424336	0.077836
3.427478	0.079528
3.430619	0.081236
3.433761	0.082961
3.436902	0.084702
3.440044	0.086460
3.443186	0.088234
3.446327	0.090024
3.449469	0.091830
3.452610	0.093653
3.455752	0.095492
3.458894	0.097346
3.462035	0.099217
3.465177	0.101103
3.468318	0.103005
3.471460	0.104922
3.474601	0.106856
3.477743	0.108805
3.480885	0.110769
3.484026	0.112748
3.487168	0.114743
3.490309	0.116753
3.493451	0.118779
3.496593	0.120819
3.499734	0.122874
3.502876	0.124944
3.506017	0.127029
3.509159	0.129129
3.512301	0.131243
3.515442	0.133372
3.518584	0.135516
3.521725	0.137673
3.524867	0.139845
3.528009	0.142032
3.531150	0.144232
3.534292	0.146447
3.537433	0.148675
3.540575	0.150917
3.543717	0.153173
3.546858	0.155443
3.550000	0.157726
3.553141	0.160023
3.556283	0.162334
3.559424	0.164657
3.562566	0.166994
3.565708	0.169344
3.568849	0.171707
3.571991	0.174083
3.575132	0.176472
3.578274	0.178874
3.581416	0.181288
3.584557	0.183715
3.587699	0.186154
3.590840	0.188606
3.593982	0.191070
3.597124	0.193546
3.600265	0.196035
3.603407	0.198535
3.606548	0.201048
3.609690	0.203572
3.612832	0.206107
3.615973	0.208655
3.619115	0.211214
3.622256	0.213784
3.625398	0.216366
3.628540	0.218958
3.631681	0.221562
3.634823	0.224177
3.637964	0.226803
3.641106	0.229439
3.644247	0.232087
3.647389	0.234744
3.650531	0.237413
3.653672	0.240091
3.656814	0.242780
3.659955	0.245479
3.663097	0.248188
3.666239	0.250907
3.669380	0.253636
3.672522	0.256375
3.675663	0.259123
3.678805	0.261881
3.681947	0.264648
3.685088	0.267424
3.688230	0.270210
3.691371	0.273005
3.694513	0.275808
3.697655	0.278621
3.700796	0.281442
3.703938	0.284272
3.707079	0.287110
3.710221	0.289957
3.713363	0.292812
3.716504	0.295675
3.719646	0.298547
3.722787	0.301426
3.725929	0.304313
3.729070	0.307208
3.732212	0.310110
3.735354	0.313020
3.738495	0.315938
3.741637	0.318862
3.744778	0.321794
3.747920	0.324733
3.751062	0.327679
3.754203	0.330631
3.757345	0.333590
3.760486	0.336556
3.763628	0.339528
3.766770	0.342507
3.769911	0.345492
3.773053	0.348482
3.776194	0.351479
3.779336	0.354482
3.782478	0.357490
3.785619	0.360504
3.788761	0.363524
3.791902	0.366549
3.795044	0.369579
3.798186	0.372615
3.801327	0.375655
3.804469	0.378700
3.807610	0.381751
3.810752	0.384805
3.813893	0.387865
3.817035	0.390928
3.820177	0.393996
3.823318	0.397069
3.826460	0.400145
3.829601	0.403225
3.832743	0.406309
3.835885	0.409397
3.839026	0.412488
3.842168	0.415583
3.845309	0.418681
3.848451	0.421783
3.851593	0.424887
3.854734	0.427995
3.857876	0.431105
3.861017	0.434218
3.864159	0.437333
3.867301	0.440451
3.870442	0.443572
3.873584	0.446694
3.876725	0.449819
3.879867	0.452946
3.883009	0.456074
3.886150	0.459205
3.889292	0.462337
3.892433	0.465470
3.895575	0.468605
3.898716	0.471741
3.901858	0.474878
3.905000	0.478016
3.908141	0.481155
3.911283	0.484295
3.914424	0.487435
3.917566	0.490576
3.920708	0.493717
3.923849	0.496858
3.926991	0.500000
3.930132	0.503142
3.933274	0.506283
3.936416	0.509424
3.939557	0.512565
3.942699	0.515705
3.945840	0.518845
3.948982	0.521984
3.952124	0.525122
3.955265	0.528259
3.958407	0.531395
3.961548	0.534530
3.964690	0.537663
3.967832	0.540795
3.970973	0.543926
3.974115	0.547054
3.977256	0.550181
3.980398	0.553306
3.983539	0.556428
3.986681	0.559549
3.989823	0.562667
3.992964	0.565782
3.996106	0.568895
3.999247	0.572005
4.002389	0.575113
4.005531	0.578217
4.008672	0.581319
4.011814	0.584417
4.014955	0.587512
4.018097	0.590603
4.021239	0.593691
4.024380	0.596775
4.027522	0.599855
4.030663	0.602931
4.033805	0.606004
4.036947	0.609072
4.040088	0.612135
4.043230	0.615195
4.046371	0.618249
4.049513	0.621300
4.052655	0.624345
4.055796	0.627385
4.058938	0.630421
4.062079	0.633451
4.065221	0.636476
4.068362	0.639496
4.071504	0.642510
4.074646	0.645518
4.077787	0.648521
4.080929	0.651518
4.084070	0.654508
4.087212	0.657493
4.090354	0.660472
4.093495	0.663444
4.096637	0.666410
4.099778	0.669369
4.102920	0.672321
4.106062	0.675267
4.109203	0.678206
4.112345	0.681138
4.115486	0.684062
4.118628	0.686980
4.121770	0.689890
4.124911	0.692792
4.128053	0.695687
4.131194	0.698574
4.134336	0.701453
4.137478	0.704325
4.140619	0.707188
4.143761	0.710043
4.146902	0.712890
4.150044	0.715728
4.153185	0.718558
4.156327	0.721379
4.159469	0.724192
4.162610	0.726995
4.165752	0.729790
4.168893	0.732576
4.172035	0.735352
4.175177	0.738119
4.178318	0.740877
4.181460	0.743625
4.184601	0.746364
4.187743	0.749093
4.190885	0.751812
4.194026	0.754521
4.197168	0.757220
4.200309	0.759909
4.203451	0.762587
4.206593	0.765256
4.209734	0.767913
4.212876	0.770561
4.216017	0.773197
4.219159	0.775823
4.222301	0.778438
4.225442	0.781042
4.228584	0.783634
4.231725	0.786216
4.234867	0.788786
4.238008	0.791345
4.241150	0.793893
4.244292	0.796428
4.247433	0.798952
4.250575	0.801465
4.253716	0.803965
4.256858	0.806454
4.260000	0.808930
4.263141	0.811394
4.266283	0.813846
4.269424	0.816285
4.272566	0.818712
4.275708	0.821126
4.278849	0.823528
4.281991	0.825917
4.285132	0.828293
4.288274	0.830656
4.291416	0.833006
4.294557	0.835343
4.297699	0.837666
4.300840	0.839977
4.303982	0.842274
4.307124	0.844557
4.310265	0.846827
4.313407	0.849083
4.316548	0.851325
4.319690	0.853553
4.322831	0.855768
4.325973	0.857968
4.329115	0.860155
4.332256	0.862327
4.335398	0.864484
4.338539	0.866628
4.341681	0.868757
4.344823	0.870871
4.347964	0.872971
4.351106	0.875056
4.354247	0.877126
4.357389	0.879181
4.360531	0.881221
4.363672	0.883247
4.366814	0.885257
4.369955	0.887252
4.373097	0.889231
4.376239	0.891195
4.379380	0.893144
4.382522	0.895078
4.385663	0.896995
4.388805	0.898897
4.391947	0.900783
4.395088	0.902654
4.398230	0.904508
4.401371	0.906347
4.404513	0.908170
4.407654	0.909976
4.410796	0.911766
4.413938	0.913540
4.417079	0.915298
4.420221	0.917039
4.423362	0.918764
4.426504	0.920472
4.429646	0.922164
4.432787	0.923839
4.435929	0.925497
4.439070	0.927139
4.442212	0.928763
4.445354	0.930371
4.448495	0.931962
4.451637	0.933535
4.454778	0.935092
4.457920	0.936631
4.461062	0.938153
4.464203	0.939658
4.467345	0.941146
4.470486	0.942616
4.473628	0.944068
4.476770	0.945503
4.479911	0.946921
4.483053	0.948321
4.486194	0.949703
4.489336	0.951067
4.492477	0.952414
4.495619	0.953742
4.498761	0.955053
4.501902	0.956346
4.505044	0.957621
4.508185	0.958877
4.511327	0.960116
4.514469	0.961336
4.517610	0.962539
4.520752	0.963723
4.523893	0.964888
4.527035	0.966036
4.530177	0.967164
4.533318	0.968275
4.536460	0.969367
4.539601	0.970440
4.542743	0.971495
4.545885	0.972532
4.549026	0.973549
4.552168	0.974548
4.555309	0.975528
4.558451	0.976490
4.561593	0.977432
4.564734	0.978356
4.567876	0.979261
4.571017	0.980147
4.574159	0.981014
4.577300	0.981862
4.580442	0.982691
4.583584	0.983501
4.586725	0.984292
4.589867	0.985063
4.593008	0.985816
4.596150	0.986549
4.599292	0.987263
4.602433	0.987958
4.605575	0.988634
4.608716	0.989290
4.611858	0.989928
4.615000	0.990545
4.618141	0.991144
4.621283	0.991723
4.624424	0.992282
4.627566	0.992822
4.630708	0.993343
4.633849	0.993844
4.636991	0.994326
4.640132	0.994788
4.643274	0.995231
4.646416	0.995654
4.649557	0.996057
4.652699	0.996441
4.655840	0.996806
4.658982	0.997150
4.662123	0.997476
4.665265	0.997781
4.668407	0.998067
4.671548	0.998333
4.674690	0.998579
4.677831	0.998806
4.680973	0.999013
4.684115	0.999201
4.687256	0.999368
4.690398	0.999516
4.693539	0.999645
4.696681	0.999753
4.699823	0.999842
4.702964	0.999911
4.706106	0.999961
4.709247	0.999990
4.712389	1.000000
4.715531	0.999990
4.718672	0.999961
4.721814	0.999911
4.724955	0.999842
4.728097	0.999753
4.731239	0.999645
4.734380	0.999516
4.737522	0.999368
4.740663	0.999201
4.743805	0.999013
4.746946	0.998806
4.750088	0.998579
4.753230	0.998333
4.756371	0.998067
4.759513	0.997781
4.762654	0.997476
4.765796	0.997150
4.768938	0.996806
4.772079	0.996441
4.775221	0.996057
4.778362	0.995654
4.781504	0.995231
4.784646	0.994788
4.787787	0.994326
4.790929	0.993844
4.794070	0.993343
4.797212	0.992822
4.800354	0.992282
4.803495	0.991723
4.806637	0.991144
4.809778	0.990545
4.812920	0.989928
4.816062	0.989290
4.819203	0.988634
4.822345	0.987958
4.825486	0.987263
4.828628	0.986549
4.831770	0.985816
4.834911	0.985063
4.838053	0.984292
4.841194	0.983501
4.844336	0.982691
4.847477	0.981862
4.850619	0.981014
4.853761	0.980147
4.856902	0.979261
4.860044	0.978356
4.863185	0.977432
4.866327	0.976490
4.869469	0.975528
4.872610	0.974548
4.875752	0.973549
4.878893	0.972532
4.882035	0.971495
4.885177	0.970440
4.888318	0.969367
4.891460	0.968275
4.894601	0.967164
4.897743	0.966036
4.900885	0.964888
4.904026	0.963723
4.907168	0.962539
4.910309	0.961336
4.913451	0.960116
4.916593	0.958877
4.919734	0.957621
4.922876	0.956346
4.926017	0.955053
4.929159	0.953742
4.932300	0.952414
4.935442	0.951067
4.938584	0.949703
4.941725	0.948321
4.944867	0.946921
4.948008	0.945503
4.951150	0.944068
4.954292	0.942616
4.957433	0.941146
4.960575	0.939658
4.963716	0.938153
4.966858	0.936631
4.970000	0.935092
4.973141	0.933535
4.976283	0.931962
4.979424	0.930371
4.982566	0.928763
4.985708	0.927139
4.988849	0.925497
4.991991	0.923839
4.995132	0.922164
4.998274	0.920472
5.001416	0.918764
5.004557	0.917039
5.007699	0.915298
5.010840	0.913540
5.013982	0.911766
5.017123	0.909976
5.020265	0.908170
5.023407	0.906347
5.026548	0.904508
5.029690	0.902654
5.032831	0.900783
5.035973	0.898897
5.039115	0.896995
5.042256	0.895078
5.045398	0.893144
5.048539	0.891195
5.051681	0.889231
5.054823	0.887252
5.057964	0.885257
5.061106	0.883247
5.064247	0.881221
5.067389	0.879181
5.070531	0.877126
5.073672	0.875056
5.076814	0.872971
5.079955	0.870871
5.083097	0.868757
5.086239	0.866628
5.089380	0.864484
5.092522	0.862327
5.095663	0.860155
5.098805	0.857968
5.101946	0.855768
5.105088	0.853553
5.108230	0.851325
5.111371	0.849083
5.114513	0.846827
5.117654	0.844557
5.120796	0.842274
5.123938	0.839977
5.127079	0.837666
5.130221	0.835343
5.133362	0.833006
5.136504	0.830656
5.139646	0.828293
5.142787	0.825917
5.145929	0.823528
5.149070	0.821126
5.152212	0.818712
5.155354	0.816285
5.158495	0.813846
5.161637	0.811394
5.164778	0.808930
5.167920	0.806454
5.171062	0.803965
5.174203	0.801465
5.177345	0.798952
5.180486	0.796428
5.183628	0.793893
5.186769	0.791345
5.189911	0.788786
5.193053	0.786216
5.196194	0.783634
5.199336	0.781042
5.202477	0.778438
5.205619	0.775823
5.208761	0.773197
5.211902	0.770561
5.215044	0.767913
5.218185	0.765256
5.221327	0.762587
5.224469	0.759909
5.227610	0.757220
5.230752	0.754521
5.233893	0.751812
5.237035	0.749093
5.240177	0.746364
5.243318	0.743625
5.246460	0.740877
5.249601	0.738119
5.252743	0.735352
5.255885	0.732576
5.259026	0.729790
5.262168	0.726995
5.265309	0.724192
5.268451	0.721379
5.271592	0.718558
5.274734	0.715728
5.277876	0.712890
5.281017	0.710043
5.284159	0.707188
5.287300	0.704325
5.290442	0.701453
5.293584	0.698574
5.296725	0.695687
5.299867	0.692792
5.303008	0.689890
5.306150	0.686980
5.309292	0.684062
5.312433	0.681138
5.315575	0.678206
5.318716	0.675267
5.321858	0.672321
5.325000	0.669369
5.328141	0.666410
5.331283	0.663444
5.334424	0.660472
5.337566	0.657493
5.340708	0.654508
5.343849	0.651518
5.346991	0.648521
5.350132	0.645518
5.353274	0.642510
5.356415	0.639496
5.359557	0.636476
5.362699	0.633451
5.365840	0.630421
5.368982	0.627385
5.372123	0.624345
5.375265	0.621300
5.378407	0.618249
5.381548	0.615195
5.384690	0.612135
5.387831	0.609072
5.390973	0.606004
5.394115	0.602931
5.397256	0.599855
5.400398	0.596775
5.403539	0.593691
5.406681	0.590603
5.409823	0.587512
5.412964	0.584417
5.416106	0.581319
5.419247	0.578217
5.422389	0.575113
5.425531	0.572005
5.428672	0.568895
5.431814	0.565782
5.434955	0.562667
5.438097	0.559549
5.441238	0.556428
5.444380	0.553306
5.447522	0.550181
5.450663	0.547054
5.453805	0.543926
5.456946	0.540795
5.460088	0.537663
5.463230	0.534530
5.466371	0.531395
5.469513	0.528259
5.472654	0.525122
5.475796	0.521984
5.478938	0.518845
5.482079	0.515705
5.485221	0.512565
5.488362	0.509424
5.491504	0.506283
5.494646	0.503142
5.497787	0.500000
5.500929	0.496858
5.504070	0.493717
5.507212	0.490576
5.510354	0.487435
5.513495	0.484295
5.516637	0.481155
5.519778	0.478016
5.522920	0.474878
5.526061	0.471741
5.529203	0.468605
5.532345	0.465470
5.535486	0.462337
5.538628	0.459205
5.541769	0.456074
5.544911	0.452946
5.548053	0.449819
5.551194	0.446694
5.554336	0.443572
5.557477	0.440451
5.560619	0.437333
5.563761	0.434218
5.566902	0.431105
5.570044	0.427995
5.573185	0.424887
5.576327	0.421783
5.579469	0.418681
5.582610	0.415583
5.585752	0.412488
5.588893	0.409397
5.592035	0.406309
5.595177	0.403225
5.598318	0.400145
5.601460	0.397069
5.604601	0.393996
5.607743	0.390928
5.610884	0.387865
5.614026	0.384805
5.617168	0.381751
5.620309	0.378700
5.623451	0.375655
5.626592	0.372615
5.629734	0.369579
5.632876	0.366549
5.636017	0.363524
5.639159	0.360504
5.642300	0.357490
5.645442	0.354482
5.648584	0.351479
5.651725	0.348482
5.654867	0.345492
5.658008	0.342507
5.661150	0.339528
5.664292	0.336556
5.667433	0.333590
5.670575	0.330631
5.673716	0.327679
5.676858	0.324733
5.680000	0.321794
5.683141	0.318862
5.686283	0.315938
5.689424	0.313020
5.692566	0.310110
5.695707	0.307208
5.698849	0.304313
5.701991	0.301426
5.705132	0.298547
5.708274	0.295675
5.711415	0.292812
5.714557	0.289957
5.717699	0.287110
5.720840	0.284272
5.723982	0.281442
5.727123	0.278621
5.730265	0.275808
5.733407	0.273005
5.736548	0.270210
5.739690	0.267424
5.742831	0.264648
5.745973	0.261881
5.749115	0.259123
5.752256	0.256375
5.755398	0.253636
5.758539	0.250907
5.761681	0.248188
5.764823	0.245479
5.767964	0.242780
5.771106	0.240091
5.774247	0.237413
5.777389	0.234744
5.780530	0.232087
5.783672	0.229439
5.786814	0.226803
5.789955	0.224177
5.793097	0.221562
5.796238	0.218958
5.799380	0.216366
5.802522	0.213784
5.805663	0.211214
5.808805	0.208655
5.811946	0.206107
5.815088	0.203572
5.818230	0.201048
5.821371	0.198535
5.824513	0.196035
5.827654	0.193546
5.830796	0.191070
5.833938	0.188606
5.837079	0.186154
5.840221	0.183715
5.843362	0.181288
5.846504	0.178874
5.849646	0.176472
5.852787	0.174083
5.855929	0.171707
5.859070	0.169344
5.862212	0.166994
5.865353	0.164657
5.868495	0.162334
5.871637	0.160023
5.874778	0.157726
5.877920	0.155443
5.881061	0.153173
5.884203	0.150917
5.887345	0.148675
5.890486	0.146447
5.893628	0.144232
5.896769	0.142032
5.899911	0.139845
5.903053	0.137673
5.906194	0.135516
5.909336	0.133372
5.912477	0.131243
5.915619	0.129129
5.918761	0.127029
5.921902	0.124944
5.925044	0.122874
5.928185	0.120819
5.931327	0.118779
5.934469	0.116753
5.937610	0.114743
5.940752	0.112748
5.943893	0.110769
5.947035	0.108805
5.950176	0.106856
5.953318	0.104922
5.956460	0.103005
5.959601	0.101103
5.962743	0.099217
5.965884	0.097346
5.969026	0.095492
5.972168	0.093653
5.975309	0.091830
5.978451	0.090024
5.981592	0.088234
5.984734	0.086460
5.987876	0.084702
5.991017	0.082961
5.994159	0.081236
5.997300	0.079528
6.000442	0.077836
6.003584	0.076161
6.006725	0.074503
6.009867	0.072861
6.013008	0.071237
6.016150	0.069629
6.019292	0.068038
6.022433	0.066465
6.025575	0.064908
6.028716	0.063369
6.031858	0.061847
6.034999	0.060342
6.038141	0.058854
6.041283	0.057384
6.044424	0.055932
6.047566	0.054497
6.050707	0.053079
6.053849	0.051679
6.056991	0.050297
6.060132	0.048933
6.063274	0.047586
6.066415	0.046258
6.069557	0.044947
6.072699	0.043654
6.075840	0.042379
6.078982	0.041123
6.082123	0.039884
6.085265	0.038664
6.088407	0.037461
6.091548	0.036277
6.094690	0.035112
6.097831	0.033964
6.100973	0.032836
6.104115	0.031725
6.107256	0.030633
6.110398	0.029560
6.113539	0.028505
6.116681	0.027468
6.119822	0.026451
6.122964	0.025452
6.126106	0.024472
6.129247	0.023510
6.132389	0.022568
6.135530	0.021644
6.138672	0.020739
6.141814	0.019853
6.144955	0.018986
6.148097	0.018138
6.151238	0.017309
6.154380	0.016499
6.157522	0.015708
6.160663	0.014937
6.163805	0.014184
6.166946	0.013451
6.170088	0.012737
6.173230	0.012042
6.176371	0.011366
6.179513	0.010710
6.182654	0.010072
6.185796	0.009455
6.188938	0.008856
6.192079	0.008277
6.195221	0.007718
6.198362	0.007178
6.201504	0.006657
6.204645	0.006156
6.207787	0.005674
6.210929	0.005212
6.214070	0.004769
6.217212	0.004346
6.220353	0.003943
6.223495	0.003559
6.226637	0.003194
6.229778	0.002850
6.232920	0.002524
6.236061	0.002219
6.239203	0.001933
6.242345	0.001667
6.245486	0.001421
6.248628	0.001194
6.251769	0.000987
6.254911	0.000799
6.258053	0.000632
6.261194	0.000484
6.264336	0.000355
6.267477	0.000247
6.270619	0.000158
6.273761	0.000089
6.276902	0.000039
6.280044	0.000010
6.283185	0.000000
